lensCenterX:255.306242
lensCenterY:254.096222
lensTeta1:-0.054756
lensTeta2:1.516040
lensTeta3:3.086836
lensTeta4:4.657633
grade:-1
grade1:-1
grade2:-1
grade3:-1
grade4:-1
mOpticNerveDiameter:0.000000
