ObjectType = Scene
NDims = 2
NObjects = 1
ObjectType = Ellipse
NDims = 2
BinaryData = False
TransformMatrix = 6.12323e-017 -1 1 6.12323e-017
Offset = 255.306 254.096
CenterOfRotation = 255.306 254.096
ElementSpacing = 1 1
Radius = 45.4489 31.6259
